"x"
7.66042220297606
7.24864302550611
6.56706894020465
7.34628617011894
7.69212258653916
6.99468958353038
7.0007832459698
8.79382018341905
6.71990993174162
6.21904387304244
8.95831569140378
7.89872483315919
7.44120788132787
8.22432868760593
8.15512568148618
6.74515623135018
6.59337482701087
8.01764847813908
6.8633189914158
6.54398661165612
6.81957924593458
9.22384321306238
6.2291094049311
7.94254596352476
8.10455001350339
7.94495889417081
8.89477260657316
8.32520972526895
5.8200606076638
7.95668736989988
8.60251318767905
7.00508336900842
6.08202611527376
7.81347541450431
6.89438901225628
6.88586097527755
8.61568594409001
7.176515290131
8.10207115043948
8.41288372209511
8.21568154654704
7.32154315989854
7.81348121201697
6.99176069517247
9.22707036153879
8.59291314185061
7.21197157118808
6.89542775981066
5.90819080184659
6.14551875772498
